41.50390625
41.50390625
41.50390625
38.57421875
38.0859375
38.57421875
38.57421875
38.57421875
38.57421875
38.57421875
38.57421875
39.0625
39.0625
39.0625
39.0625
39.0625
39.0625
38.57421875
38.57421875
38.57421875
38.57421875
39.0625
38.57421875
39.0625
38.57421875
39.0625
39.0625
39.0625
38.57421875
39.0625
38.57421875
39.0625
38.57421875
38.57421875
38.57421875
39.0625
38.57421875
39.0625
39.0625
39.0625
39.0625
39.0625
39.55078125
39.55078125
39.55078125
39.55078125
39.55078125
39.55078125
39.55078125
39.55078125
39.55078125
37.109375
37.109375
37.109375
36.62109375
34.66796875
34.66796875
34.66796875
34.66796875
34.66796875
