31.25
31.25
31.25
31.25
31.25
31.25
31.25
31.25
31.25
31.25
31.25
30.76171875
30.76171875
30.76171875
30.76171875
30.76171875
30.76171875
30.76171875
30.76171875
30.76171875
30.76171875
30.76171875
30.76171875
30.76171875
30.76171875
30.76171875
30.76171875
30.76171875
30.76171875
30.76171875
30.76171875
30.76171875
30.2734375
30.76171875
30.76171875
30.76171875
30.76171875
30.2734375
30.2734375
30.2734375
30.2734375
30.2734375
30.2734375
30.2734375
30.76171875
30.76171875
30.76171875
30.76171875
30.76171875
30.2734375
30.2734375
30.76171875
30.76171875
30.76171875
30.76171875
30.76171875
30.2734375
30.2734375
30.76171875
30.76171875
