31.73828125
31.73828125
31.73828125
31.73828125
31.73828125
31.73828125
31.73828125
31.73828125
31.73828125
31.73828125
31.73828125
31.25
31.25
31.73828125
31.25
31.73828125
31.73828125
31.73828125
31.73828125
31.73828125
31.73828125
31.73828125
31.73828125
31.73828125
31.73828125
31.25
31.25
31.73828125
31.73828125
31.73828125
31.73828125
31.25
31.25
31.25
31.73828125
31.73828125
31.25
31.25
31.73828125
31.25
31.25
31.25
31.25
31.73828125
31.25
31.73828125
31.73828125
31.25
31.25
31.73828125
31.73828125
31.25
31.25
31.25
31.25
31.25
31.25
31.25
31.73828125
31.25
