32.2265625
32.2265625
32.2265625
32.2265625
32.2265625
32.2265625
32.71484375
32.71484375
32.71484375
32.71484375
32.2265625
32.71484375
32.71484375
32.71484375
32.71484375
32.71484375
32.71484375
32.71484375
32.71484375
32.71484375
33.203125
32.71484375
33.203125
32.71484375
33.203125
33.203125
33.203125
32.71484375
32.71484375
33.203125
32.71484375
33.203125
33.203125
33.203125
33.203125
32.71484375
33.203125
32.71484375
33.203125
33.203125
33.203125
33.203125
33.203125
32.71484375
33.203125
32.71484375
32.71484375
33.203125
32.71484375
33.203125
33.203125
33.203125
33.203125
33.203125
33.203125
33.203125
33.203125
33.203125
33.203125
33.203125
